Unidentified/corrupted images:
2416776
2355831
2370333
2407337
2408825
2331541
2357389
2392406
2414809
2344903
2357002
2339452
2316472
2397804
2369516
2329481
2400248
2403972
2416204
2401793
2354293
2360334
2360452
2324980
2338403
2415090
2405254
2335721
2384303
2383685
2370916
2410274
2379927
2336771
2345238
2397424
2350190
2369711
2320098
2376553
2394503
2328613
2345400
2386339
2354486
2385744
2378352
2404941
2407333
2336852
2347067
2394940
2354437
2410589
2407778
2407779
2391568
2339625
2350687
2344194
2415989
2316003
2390058
2356194
2402944
2397721
2408461
2325435
2374336
2335434
2328471
2395669
2335839
2337155
2321051
2370544
2350125
2400944
2359672
2413483
2405591
2393186
2346745
2354396
2379210
2389915
2417802
2318215
2338884
2325625
2363899
2344765
2387074
2320630
2346562
2315674
2414917
2388568
2319311
2402595
2414491
2405946
2336131
2337005
2382669
2394180
2380334
2361256
2327203
2405004
2333919
2372979
2340698
2388989
2379781
2346773
2383215
2339038
2396395
2395307
2386421
2330142
2340300
2412350
2390322
2335991
2392657
2378996
2386269
2388085
2321571
2319788
2405111
2390387
2417886
2326141
2370307
2406223
2370885
2351122
2400491
2416218
2388284
2380814
2407937
2392550
2369047
2329477
2387773
2385366
2348472
2393276
2368946
2325661
2357595
2323189
2396732
2373542
2399366
2374775
2408234
2343246
2401212
2344844
2357151
2343497
2356717
2388917
2323362
2379468
